gay ming
16 0.03 0.3660000000000002 46.275861795650314 0.0009126984126984128 0.22516257231756526
17 0.06 0.32600000000000023 46.21158317331021 0.0009523809523809524 0.2507296291105896
18 0.08 0.39500000000000024 46.111877072103475 0.0008597883597883598 0.2755406766400521
19 0.06 0.37900000000000017 45.99617995218165 0.000908289241622575 0.29957525512952543
20 0.14 0.4400000000000002 45.89166575858962 0.0009611992945326278 0.3228550905173027
21 0.22 0.3970000000000002 45.78507304514833 0.0009126984126984128 0.3453947385153806
22 0.23 0.5010000000000002 45.73858466888315 0.0009832451499118167 0.36716695241464115
23 0.25 0.3890000000000001 45.659170944029064 0.0009435626102292769 0.3883449394619996
24 0.3 0.45100000000000023 45.63768775508385 0.0009126984126984128 0.40877455506855626
25 0.33 0.4850000000000003 45.65737237137192 0.0009303350970017636 0.4286160851549605
26 0.36 0.4790000000000003 45.68526535607225 0.0008641975308641976 0.4478365792866075
27 0.45 0.5360000000000003 45.79434268248321 0.001027336860670194 0.4664711148244797
28 0.44 0.45800000000000024 45.893805657045576 0.0011904761904761906 0.48458188702039684
29 0.4 0.5260000000000004 46.034693568972514 0.001044973544973545 0.5021153672731871
30 0.46 0.4680000000000003 46.15918444618455 0.0007671957671957672 0.5191359277811347
31 0.46 0.42700000000000027 46.23880766065237 0.0008950617283950618 0.5355768895515877
32 0.41 0.4870000000000003 46.33682419204271 0.0009876543209876543 0.5514776013211733
33 0.53 0.5130000000000003 46.43710265429276 0.0011067019400352734 0.5669624435850614
34 0.47 0.5260000000000004 46.595998691623976 0.0011596119929453263 0.5819680466721652
35 0.53 0.5180000000000003 46.74475990922529 0.0009391534391534392 0.5964628161442099
36 0.62 0.5440000000000004 46.926669368569414 0.0011155202821869488 0.6105187894130131
37 0.53 0.4800000000000003 47.054776806969684 0.0009303350970017636 0.6241357496523965
38 0.57 0.5670000000000004 47.24398818577044 0.0009876543209876543 0.6373795767445224
39 0.56 0.5950000000000004 47.48340904099475 0.0011067019400352734 0.6501440553222005
40 0.53 0.5210000000000004 47.67802328148291 0.0008465608465608466 0.6625479547067582
41 0.48 0.5130000000000003 47.829003903932566 0.0009744268077601411 0.6745484481193362
42 0.63 0.5560000000000004 47.97359540150745 0.0015784832451499118 0.6862529982869252
43 0.57 0.6010000000000004 48.203011830565856 0.0011684303350970018 0.6975170417400444
44 0.56 0.5070000000000003 48.32847536044955 0.0011111111111111111 0.7084281291644435
45 0.53 0.5470000000000004 48.46213259997762 0.0010229276895943563 0.7190322917210535
46 0.66 0.6170000000000004 48.711152391184015 0.001146384479717813 0.729294983628602
47 0.53 0.5880000000000004 48.927472709642316 0.0015211640211640213 0.7392489645063064
48 0.51 0.5870000000000004 49.10291834575803 0.0012433862433862434 0.7489386602500593
49 0.51 0.5050000000000003 49.16924666847885 0.0007716049382716049 0.7582431107798266
50 0.59 0.6010000000000004 49.2941887269535 0.0015123456790123457 0.7672366947848375
51 0.61 0.5290000000000004 49.398986530222025 0.0012698412698412698 0.7759429607216101
52 0.52 0.5810000000000004 49.58318072917146 0.000992063492063492 0.7844400673669303
53 0.59 0.5750000000000004 49.640240497216375 0.0009744268077601411 0.7926846028495877
54 0.53 0.6190000000000004 49.83423726883001 0.001318342151675485 0.8006007754850519
55 0.68 0.6120000000000004 50.0117505235965 0.001128747795414462 0.8083266819353312
56 0.54 0.6210000000000004 50.15313374226915 0.0010714285714285715 0.8158152972085126
57 0.52 0.5330000000000004 50.221993913526504 0.000925925925925926 0.8230301704720011
58 0.55 0.6050000000000004 50.373922523891245 0.0009435626102292769 0.8299598892495959
59 0.48 0.5580000000000004 50.53785765256173 0.0010405643738977072 0.8367311748292964
60 0.6 0.5890000000000004 50.58185316063056 0.0013007054673721341 0.8432889473835145

0.1860552 0.117710136
[]
0 5 3 [ 0.  0.  0. 18.  0. 15.  0.  0.  0.  0.] 1 0 0.0
1 0 0 [24.  0.  0.  0.  0.  0.  0.  0.  0.  0.] 1 0 0.5
2 2 4 [ 0.  0.  0.  0. 21.  0.  0.  0.  0.  3.] 1 0 0.3333333333333333
3 9 7 [0. 0. 0. 0. 0. 0. 0. 6. 0. 0.] 1 0 0.25
4 1 1 [ 0. 24.  0.  0.  0.  0.  0.  0.  0.  0.] 1 0 0.4
5 5 5 [ 0.  0.  0.  3.  0. 15.  0.  0.  5.  0.] 1 0 0.5
6 9 9 [ 0.  0.  0.  0. 14.  0.  0. 15.  0. 21.] 1 0 0.5714285714285714
7 3 3 [0. 0. 0. 6. 0. 1. 0. 0. 0. 0.] 1 0 0.625
8 3 3 [ 0.  0.  0. 24.  0. 15.  0.  0.  8.  0.] 1 0 0.6666666666666666
9 4 4 [ 0.  0.  0.  0. 11.  0.  0.  0.  0.  0.] 1 0 0.7
10 4 4 [ 0.  0.  0.  0. 18.  0.  0.  0.  0.  0.] 1 1 0.7272727272727273
11 0 0 [30.  0.  0.  0.  0.  0.  0.  0.  0.  0.] 1 0 0.75
12 3 3 [ 0.  0.  0. 15.  0. 11.  0.  0.  0.  0.] 1 0 0.7692307692307693
13 7 7 [ 0.  0.  0.  0.  0.  0.  0. 21.  0.  4.] 1 0 0.7857142857142857
14 2 2 [ 0.  0. 13.  0.  0.  0.  0.  0.  0.  0.] 1 0 0.8
15 2 2 [ 0.  0. 15.  0.  0.  0.  0.  0.  0.  0.] 1 0 0.8125
16 7 7 [ 0.  0.  0.  0.  0.  0.  0. 21.  0. 12.] 1 0 0.8235294117647058
17 6 6 [ 0.  0.  0.  0.  0.  0. 27.  0.  0.  0.] 1 0 0.8333333333333334
18 0 5 [ 0.  0.  0. 10.  0. 15.  0.  0.  0.  0.] 1 0 0.7894736842105263
19 8 8 [ 0.  0.  0.  0.  0.  0.  0.  0. 15.  0.] 1 0 0.8
20 4 4 [ 0.  0.  0.  0. 12.  0.  0.  0.  0.  0.] 1 0 0.8095238095238095
21 1 1 [ 0. 15.  0.  0.  0.  0.  0.  0.  0.  0.] 1 0 0.8181818181818182
22 7 4 [0. 0. 0. 0. 6. 0. 0. 0. 0. 0.] 1 0 0.782608695652174
23 1 1 [ 0. 13.  0.  0.  0.  0.  0.  0.  0.  0.] 1 0 0.7916666666666666
24 5 5 [0. 0. 0. 0. 0. 7. 0. 0. 0. 0.] 1 0 0.8
25 1 1 [ 0. 15.  0.  0.  0.  0.  0.  0.  0.  0.] 1 0 0.8076923076923077
26 3 3 [0. 0. 0. 6. 0. 0. 0. 0. 0. 0.] 1 0 0.8148148148148148
27 3 3 [ 0.  0.  0. 13.  0.  6.  0.  0.  0.  0.] 1 0 0.8214285714285714
28 6 6 [ 0.  0.  0.  0.  0.  0. 32.  0.  0.  0.] 1 0 0.8275862068965517
29 8 3 [ 0.  0.  0. 13.  0.  0.  0.  0.  0.  0.] 1 0 0.8
30 6 6 [ 0.  0.  0.  0.  0.  0. 18.  0.  0.  0.] 1 0 0.8064516129032258
31 9 9 [ 0.  0.  0.  0.  4.  0.  0.  0.  0. 14.] 1 0 0.8125
32 8 8 [ 0.  0.  0.  0.  0.  0.  0.  0. 14.  0.] 1 1 0.8181818181818182
33 9 4 [ 0.  0.  0.  0. 15.  0.  0.  0.  0.  3.] 1 0 0.7941176470588235
34 3 3 [ 0.  0.  0. 18.  0.  0.  0.  0.  0.  0.] 1 0 0.8
35 1 1 [0. 9. 0. 0. 0. 0. 0. 0. 0. 0.] 1 0 0.8055555555555556
36 2 2 [ 0.  0. 21.  0.  0.  0.  0.  0.  0.  0.] 1 0 0.8108108108108109
37 7 7 [ 0.  0.  0.  0.  0.  0.  0. 33.  0.  9.] 1 0 0.8157894736842105
38 2 2 [ 0.  0. 28.  0.  0.  0.  0.  0.  0.  0.] 1 0 0.8205128205128205
39 3 3 [ 0.  0.  0. 15.  0. 15.  0.  0.  0.  0.] 2 1 0.825
40 7 7 [ 0.  0.  0.  0.  0.  0.  0. 26.  0.  0.] 1 0 0.8292682926829268
41 9 9 [ 0.  0.  0.  0.  4.  0.  0. 12.  0. 18.] 1 0 0.8333333333333334
42 3 8 [ 0.  0.  0. 11.  0. 10.  0.  0. 13.  0.] 1 0 0.813953488372093
43 1 1 [ 0. 27.  0.  0.  0.  0.  0.  0.  0.  0.] 1 0 0.8181818181818182
44 5 5 [ 0.  0.  0.  0.  0. 12.  0.  0.  0.  0.] 1 0 0.8222222222222222
45 5 0 [21.  0.  0.  0.  0.  0.  0.  0.  0.  0.] 1 1 0.8043478260869565
46 0 0 [12.  0.  0.  0.  0.  9.  0.  0.  0.  0.] 1 0 0.8085106382978723
47 4 6 [ 0.  0.  4.  0. 10.  0. 15.  0.  0.  0.] 1 1 0.7916666666666666
48 6 6 [ 0.  0.  2.  0.  0.  0. 18.  0.  0.  0.] 1 2 0.7959183673469388
49 7 4 [ 0.  0.  0.  0. 12.  0.  0.  0.  0. 10.] 1 2 0.78
50 8 2 [ 0.  0. 10.  0.  0.  0.  0.  0.  0.  0.] 1 1 0.7647058823529411
51 4 7 [ 0.  0.  0.  0.  3.  0.  0. 16.  0. 13.] 1 0 0.75
52 6 6 [ 0.  0.  0.  0.  0.  0. 33.  0.  0.  0.] 1 0 0.7547169811320755
53 3 2 [ 0.  0. 12.  0.  0.  0.  0.  0.  0.  0.] 1 0 0.7407407407407407
54 0 0 [36.  0.  0.  0.  0.  0.  0.  0.  0.  0.] 1 0 0.7454545454545455
55 5 5 [ 0.  0.  0.  8.  0. 14.  0.  0.  0.  0.] 1 1 0.75
56 6 6 [ 0.  0.  0.  0.  0.  0. 30.  0.  0.  0.] 1 0 0.7543859649122807
57 7 7 [ 0.  0.  0.  0.  0.  0.  0. 12.  0.  5.] 1 0 0.7586206896551724
58 7 7 [ 0.  0.  0.  0.  0.  0.  0. 20.  0.  0.] 1 0 0.7627118644067796
59 2 2 [ 0.  0. 12.  3.  0.  0.  0.  0.  8.  0.] 1 0 0.7666666666666667
60 3 8 [ 0.  0.  8.  0.  0.  0.  0.  0. 13.  0.] 1 0 0.7540983606557377
61 6 6 [ 0.  0.  0.  0.  0.  0. 27.  0.  0.  0.] 1 0 0.7580645161290323
62 0 0 [24.  0.  0.  0.  0.  0.  0.  0.  0.  0.] 1 0 0.7619047619047619
63 3 3 [ 0.  0.  0. 33.  0. 15.  0.  0.  4.  0.] 1 0 0.765625
64 6 6 [ 0.  0.  0.  0.  0.  4. 19.  0.  0.  0.] 1 1 0.7692307692307693
65 5 9 [ 0.  0.  0.  0.  3.  0.  0. 12.  0. 15.] 1 0 0.7575757575757576
66 1 1 [ 0. 12.  0.  0.  0.  0.  0.  0.  0.  0.] 1 0 0.7611940298507462
67 3 3 [0. 0. 0. 7. 0. 4. 0. 0. 0. 0.] 1 1 0.7647058823529411
68 4 4 [0. 0. 0. 0. 7. 0. 0. 0. 0. 0.] 1 3 0.7681159420289855
69 3 3 [ 0.  0.  0. 21.  0.  3.  0.  0.  0.  0.] 1 0 0.7714285714285715
70 5 5 [ 0.  0.  0.  0.  0. 12.  0.  0.  0.  0.] 1 0 0.7746478873239436
71 9 7 [ 0.  0.  0.  0.  6.  0.  0. 28.  0. 16.] 1 0 0.7638888888888888
72 8 8 [ 0.  0.  2.  0.  0.  0.  0.  0. 21.  0.] 1 0 0.7671232876712328
73 1 1 [ 0. 27.  0.  0.  0.  0.  0.  0.  0.  0.] 1 0 0.7702702702702703
74 8 8 [ 0.  0.  0. 17.  0. 15.  0.  0. 23.  0.] 1 1 0.7733333333333333
75 6 6 [0. 0. 0. 0. 0. 0. 6. 0. 0. 0.] 1 0 0.7763157894736842
76 5 5 [ 0.  0.  0. 13.  0. 15.  0.  0. 12.  0.] 1 0 0.7792207792207793
77 9 9 [ 0.  0.  0.  0. 23.  0.  0. 19.  0. 30.] 1 0 0.782051282051282
78 7 7 [ 0.  0.  0.  0.  0.  0.  0. 18.  0.  0.] 1 0 0.7848101265822784
79 4 4 [ 0.  0.  0.  0. 15.  0.  0.  0.  0.  0.] 1 1 0.7875
80 3 5 [ 0.  0.  0.  8.  0. 12.  0.  0.  0.  0.] 1 1 0.7777777777777778
81 0 0 [20.  0.  0.  0.  0.  0.  0.  0.  0.  0.] 1 0 0.7804878048780488
82 3 3 [ 0.  0.  0. 14.  0.  4.  0.  0.  8.  0.] 1 0 0.7831325301204819
83 6 6 [ 0.  0.  0.  0.  0.  0. 30.  0.  0.  0.] 1 0 0.7857142857142857
84 3 3 [0. 0. 0. 8. 0. 7. 0. 0. 0. 0.] 1 0 0.788235294117647
85 0 6 [ 0.  0.  0.  0.  0.  0. 24.  0.  0.  0.] 1 0 0.7790697674418605
86 8 3 [ 0.  0.  0. 18.  0. 14.  0.  0.  6.  0.] 1 0 0.7701149425287356
87 9 9 [ 0.  0.  0.  0.  2.  0.  0. 16.  0. 18.] 1 0 0.7727272727272727
88 4 4 [ 0.  0.  0.  0. 15.  0.  0.  0.  0.  0.] 1 1 0.7752808988764045
89 2 2 [0. 0. 9. 0. 0. 0. 0. 0. 0. 0.] 1 0 0.7777777777777778
90 9 9 [ 0.  0.  0.  0.  9.  0.  0. 15.  0. 21.] 1 0 0.7802197802197802
91 9 7 [ 0.  0.  0.  0.  0.  0.  0. 33.  0. 15.] 1 0 0.7717391304347826
92 3 3 [ 0.  0.  0. 27.  0. 18.  0.  0.  2.  0.] 1 0 0.7741935483870968
93 6 6 [ 0.  0.  0.  0.  0.  0. 24.  0.  0.  0.] 1 0 0.776595744680851
94 3 3 [ 0.  0.  0. 10.  0.  9.  0.  0.  0.  0.] 1 0 0.7789473684210526
95 0 0 [21.  0.  0.  0.  0.  0.  0.  0.  0.  0.] 1 0 0.78125
96 2 2 [0. 0. 9. 0. 0. 0. 9. 0. 0. 0.] 2 1 0.7835051546391752
97 3 3 [0. 0. 0. 4. 0. 3. 0. 0. 0. 0.] 1 0 0.7857142857142857
98 2 2 [ 0.  0. 21.  0.  0.  0.  0.  0.  0.  0.] 1 0 0.7878787878787878
99 2 2 [ 0.  0. 24.  0.  0.  0.  0.  0.  0.  0.] 1 0 0.79
100 9 4 [ 0.  0.  0.  0. 23.  0.  0.  3.  0. 21.] 1 0 0.7821782178217822
101 2 2 [ 0.  0. 15.  0.  0.  0.  0.  0.  0.  0.] 1 0 0.7843137254901961
102 9 7 [ 0.  0.  0.  0.  8.  0.  0. 20.  0. 16.] 1 0 0.7766990291262136
103 4 4 [0. 0. 0. 0. 9. 0. 0. 0. 0. 0.] 1 0 0.7788461538461539
104 5 5 [ 0.  0.  0. 10.  0. 18.  0.  0.  0.  0.] 1 1 0.780952380952381
105 0 6 [ 0.  0.  0.  0.  0.  0. 36.  0.  0.  0.] 1 0 0.7735849056603774
106 0 0 [24.  0.  0.  0.  0.  0.  0.  0.  0.  0.] 1 0 0.7757009345794392
107 4 4 [ 0.  0.  0.  0. 12.  0.  0.  0.  0.  9.] 1 0 0.7777777777777778
108 2 2 [ 0.  0. 19.  0.  0.  0.  0.  0.  0.  0.] 1 1 0.7798165137614679
109 1 1 [ 0. 33.  0.  0.  0.  0.  0.  0.  0.  0.] 1 0 0.7818181818181819
110 4 6 [ 0.  0.  0.  0.  0.  0. 18.  0.  0.  0.] 1 0 0.7747747747747747
111 9 3 [ 0.  0.  0. 26.  0. 21.  0.  0.  7.  0.] 1 0 0.7678571428571429
112 1 1 [ 0. 27.  0.  0.  0.  0.  0.  0.  0.  0.] 1 0 0.7699115044247787
113 6 6 [0. 0. 0. 0. 0. 0. 9. 0. 0. 0.] 1 0 0.7719298245614035
114 4 4 [ 0.  0.  0.  0. 15.  0.  0.  0.  0.  3.] 1 0 0.7739130434782608
115 1 1 [0. 9. 0. 0. 0. 0. 0. 0. 0. 0.] 1 0 0.7758620689655172
116 0 0 [24.  0.  0.  0.  0.  0.  0.  0.  0.  0.] 1 0 0.7777777777777778
117 9 4 [ 0.  0.  0.  0. 24.  0.  3.  0.  0.  8.] 1 0 0.7711864406779662
118 2 2 [ 0.  0. 11.  6.  0.  3.  0.  0.  1.  0.] 1 1 0.773109243697479
119 5 5 [ 0.  0.  0.  9.  0. 17.  0.  0.  0.  0.] 1 0 0.775
120 7 7 [ 0.  0.  0.  0.  0.  0.  0. 30.  0.  6.] 1 0 0.7768595041322314
121 9 4 [0. 0. 0. 0. 5. 0. 0. 0. 0. 2.] 1 0 0.7704918032786885
122 5 5 [ 0.  0.  0.  0.  0. 12.  0.  0.  0.  0.] 1 0 0.7723577235772358
123 9 7 [ 0.  0.  0.  0.  0.  0.  0. 25.  0. 10.] 1 0 0.7661290322580645
124 6 6 [ 0.  0.  0.  0.  0.  0. 27.  0.  0.  0.] 1 0 0.768
125 1 1 [ 0. 21.  0.  0.  0.  0.  0.  0.  0.  0.] 1 0 0.7698412698412699
126 0 0 [21.  0.  0.  0.  0.  0.  0.  0.  0.  0.] 1 0 0.7716535433070866
127 1 1 [ 0. 12.  0.  0.  0.  0.  0.  0.  0.  0.] 1 0 0.7734375
128 6 6 [ 0.  0.  0.  0.  0.  0. 24.  0.  0.  0.] 1 0 0.7751937984496124
129 3 3 [ 0.  0.  0. 24.  0.  5.  0.  0.  3.  0.] 1 0 0.7769230769230769
130 8 3 [ 0.  0.  0. 21.  0.  0.  0.  0.  2.  0.] 1 0 0.7709923664122137
131 1 1 [ 0. 24.  0.  0.  0.  0.  0.  0.  0.  0.] 1 0 0.7727272727272727
132 2 7 [ 0.  0.  0.  0.  0.  0.  0. 15.  0.  0.] 1 0 0.7669172932330827
133 7 7 [ 0.  0.  0.  0.  3.  0.  0. 15.  0. 12.] 1 0 0.7686567164179104
134 1 8 [ 0.  9.  0.  0.  0.  0.  0.  0. 10.  0.] 1 2 0.762962962962963
135 1 1 [ 0. 28.  0.  0.  0.  0.  0.  0.  0.  0.] 1 0 0.7647058823529411
136 3 3 [ 0.  0.  0. 15.  0.  0.  0.  0.  0.  0.] 1 0 0.7664233576642335
137 6 6 [ 0.  0.  0.  0.  0.  0. 24.  0.  0.  0.] 1 0 0.7681159420289855
138 3 3 [ 0.  0.  0. 15.  0.  6.  0.  0.  0.  0.] 1 0 0.7697841726618705
139 1 1 [ 0. 27.  0.  0.  0.  0.  0.  0.  0.  0.] 1 0 0.7714285714285715
140 3 3 [ 0.  0.  3. 15.  0.  9.  0.  0.  0.  0.] 1 1 0.7730496453900709
141 9 7 [ 0.  0.  0.  0.  7.  0.  0. 24.  0. 24.] 2 0 0.7676056338028169
142 6 6 [ 0.  0.  0.  0.  0.  0. 18.  0.  0.  0.] 1 0 0.7692307692307693
143 7 7 [ 0.  0.  0.  0.  0.  0.  0. 15.  0.  0.] 1 0 0.7708333333333334
144 4 4 [0. 0. 0. 0. 6. 0. 0. 0. 0. 0.] 1 0 0.7724137931034483
145 5 5 [ 0.  0.  0.  0.  0. 16.  0.  0.  0.  0.] 1 0 0.773972602739726
146 9 4 [0. 0. 0. 0. 9. 0. 0. 0. 0. 0.] 1 2 0.7687074829931972
147 6 6 [ 0.  0.  0.  0.  0.  0. 32.  0.  0.  0.] 1 0 0.7702702702702703
148 2 5 [ 0.  0.  0. 15.  0. 18.  0.  0.  0.  0.] 1 1 0.7651006711409396
149 7 7 [ 0.  0.  0.  0.  0.  0.  0. 26.  0. 10.] 1 0 0.7666666666666667
150 0 0 [9. 0. 0. 0. 0. 0. 0. 0. 0. 0.] 1 0 0.7682119205298014
151 7 7 [ 0.  0.  0.  0.  0.  0.  0. 27.  0.  3.] 1 0 0.7697368421052632
152 6 2 [ 6.  0. 12.  0.  0.  0.  0.  0.  0.  0.] 1 2 0.7647058823529411
153 1 1 [0. 6. 0. 0. 0. 0. 0. 0. 0. 0.] 1 0 0.7662337662337663
154 6 6 [ 0.  0.  0.  0.  0.  0. 30.  0.  0.  0.] 1 0 0.7677419354838709
155 4 4 [ 0.  0.  0.  0. 21.  0.  0.  0.  0. 18.] 1 0 0.7692307692307693
156 0 0 [36.  0.  0.  0.  0.  0.  0.  0.  0.  0.] 1 0 0.7707006369426752
157 0 0 [25.  0.  0.  0.  0.  0.  0.  0.  0.  0.] 1 0 0.7721518987341772
158 0 0 [30.  0.  0.  0.  0.  0.  0.  0.  0.  0.] 1 0 0.7735849056603774
159 0 5 [0. 0. 4. 0. 0. 6. 0. 0. 0. 0.] 1 0 0.76875
160 8 8 [ 0.  0.  0.  0.  0.  3.  0.  0. 15.  0.] 1 0 0.7701863354037267
161 0 0 [21.  0.  0.  0.  0.  0.  0.  0.  0.  0.] 1 0 0.7716049382716049
162 9 8 [ 0.  0.  0.  0.  4.  1.  0.  4. 18.  9.] 1 1 0.7668711656441718
163 4 4 [0. 0. 0. 0. 6. 0. 0. 0. 0. 4.] 1 0 0.7682926829268293
164 9 4 [ 0.  0.  0.  0. 24.  0.  0.  0.  0. 17.] 1 0 0.7636363636363637
165 4 4 [0. 0. 0. 0. 3. 0. 0. 3. 0. 3.] 3 0 0.7650602409638554
166 7 7 [ 0.  0.  0.  0.  0.  0.  0. 18.  0.  3.] 1 1 0.7664670658682635
167 4 9 [0. 0. 0. 0. 0. 0. 0. 0. 0. 6.] 1 0 0.7619047619047619
168 0 0 [24.  0.  0.  0.  0.  0.  0.  0.  0.  0.] 1 0 0.7633136094674556
169 5 5 [ 0.  0.  0. 21.  0. 22.  0.  0.  0.  0.] 1 0 0.7647058823529411
170 6 6 [ 0.  0.  0.  0.  0.  0. 30.  0.  0.  0.] 1 0 0.7660818713450293
171 8 3 [ 0.  0.  0. 14.  0.  0.  0.  0.  6.  0.] 1 0 0.7616279069767442
172 1 1 [ 0. 18.  0.  0.  0.  0.  0.  0.  0.  0.] 1 0 0.7630057803468208
173 4 4 [ 0.  0.  0.  0. 18.  0.  0.  0.  0.  0.] 1 0 0.764367816091954
174 2 2 [ 0.  0. 27.  0.  0.  0.  0.  0.  0.  0.] 1 0 0.7657142857142857
175 1 1 [ 0. 15.  0.  0.  0.  0.  0.  0.  0.  0.] 1 0 0.7670454545454546
176 8 3 [ 0.  0.  0. 19.  0. 14.  0.  0.  8.  0.] 1 0 0.7627118644067796
177 2 3 [ 0.  0. 10. 11.  0.  0.  0.  0. 11.  0.] 2 1 0.7584269662921348
178 4 9 [ 0.  0.  0.  0.  0.  0.  0.  0.  0. 10.] 1 0 0.7541899441340782
179 9 9 [0. 0. 0. 0. 4. 0. 0. 0. 0. 6.] 1 0 0.7555555555555555
180 9 0 [14.  0.  0.  0.  0.  0.  0.  0.  0.  0.] 1 1 0.7513812154696132
181 4 4 [ 0.  0.  0.  0. 27.  0.  0.  0.  0. 12.] 1 0 0.7527472527472527
182 4 4 [ 0.  0.  4.  0. 13.  0.  0.  0.  0.  0.] 1 2 0.7540983606557377
183 5 4 [0. 0. 0. 0. 9. 0. 0. 0. 0. 0.] 1 0 0.75
184 1 1 [ 0. 30.  0.  0.  0.  0.  0.  0.  0.  0.] 1 0 0.7513513513513513
185 1 1 [ 0. 33.  0.  0.  0.  0.  0.  0.  0.  0.] 1 0 0.7526881720430108
186 8 3 [ 0.  0.  0. 18.  0. 12.  0.  0.  9.  0.] 1 0 0.7486631016042781
187 3 8 [0. 0. 0. 0. 0. 3. 0. 0. 6. 0.] 1 0 0.7446808510638298
188 9 4 [ 0.  0.  0.  0. 10.  0.  0.  0.  0.  6.] 1 0 0.7407407407407407
189 2 2 [ 0.  0. 21.  0.  0.  0.  0.  0.  0.  0.] 1 0 0.7421052631578947
190 7 9 [ 0.  0.  0.  0.  3.  0.  0. 14.  0. 18.] 1 1 0.7382198952879581
191 0 0 [24.  0.  0.  0.  0.  0.  0.  0.  0.  0.] 1 0 0.7395833333333334
192 8 2 [0. 0. 7. 0. 0. 0. 0. 0. 0. 0.] 1 0 0.7357512953367875
193 5 3 [ 0.  0.  0. 18.  0. 11.  0.  0. 12.  0.] 1 1 0.7319587628865979
194 2 2 [ 0.  0. 18.  0.  0.  0.  0.  0.  0.  0.] 1 0 0.7333333333333333
195 6 6 [ 0.  0.  0.  0.  0.  0. 18.  0.  0.  0.] 1 0 0.7346938775510204
196 2 0 [19.  0. 14.  0.  0.  0.  0.  0.  0.  0.] 1 1 0.7309644670050761
197 9 9 [ 0.  0.  0.  0.  4.  0.  0. 21.  0. 22.] 1 0 0.7323232323232324
198 1 1 [ 0. 27.  0.  0.  0.  0.  0.  0.  0.  0.] 1 0 0.7336683417085427
199 7 7 [ 0.  0.  0.  0.  0.  0.  0. 31.  0.  3.] 1 0 0.735
200 7 7 [ 0.  0.  0.  0.  0.  0.  0. 22.  0.  1.] 1 0 0.736318407960199
201 1 1 [ 0. 26.  0.  0.  0.  0.  0.  0.  0.  0.] 1 0 0.7376237623762376
202 5 5 [ 0.  0.  0.  9.  0. 17.  0.  0.  0.  0.] 1 1 0.7389162561576355
203 3 3 [ 0.  0.  0. 24.  0.  3.  0.  0.  0.  0.] 1 0 0.7401960784313726
204 3 3 [ 0.  0.  0. 18.  0.  3.  0.  0.  0.  0.] 1 0 0.7414634146341463
205 6 6 [ 0.  0.  0.  0.  0.  0. 25.  0.  0.  0.] 1 0 0.7427184466019418
206 8 5 [ 0.  0.  0. 18.  0. 20.  0.  0.  0.  0.] 1 0 0.7391304347826086
207 7 8 [ 0.  0.  7.  6.  0.  0.  0.  0. 12.  0.] 1 1 0.7355769230769231
208 4 4 [ 0.  0.  0.  0. 15.  0.  0.  0.  0.  0.] 1 2 0.7368421052631579
209 2 2 [ 0.  0. 26.  0.  0.  0.  0.  0.  0.  0.] 1 0 0.7380952380952381
210 7 7 [ 0.  0.  0.  0.  0.  0.  0. 12.  0.  0.] 1 0 0.7393364928909952
211 4 4 [0. 0. 1. 0. 6. 1. 0. 0. 0. 0.] 1 1 0.7405660377358491
212 4 9 [ 0.  0.  0.  0.  2.  0.  0.  3.  0. 12.] 1 0 0.7370892018779343
213 4 4 [ 0.  0.  0.  0. 20.  0.  0.  3.  0. 15.] 1 0 0.7383177570093458
214 2 2 [ 0.  0. 18.  0.  0.  0.  0.  0.  0.  0.] 1 0 0.7395348837209302
215 1 1 [ 0. 27.  0.  0.  0.  0.  0.  0.  0.  0.] 1 0 0.7407407407407407
216 6 2 [0. 0. 9. 0. 0. 0. 8. 0. 0. 0.] 1 0 0.7373271889400922
217 7 7 [ 0.  0.  0.  0.  0.  0.  0. 27.  0.  9.] 1 0 0.7385321100917431
218 4 4 [ 0.  0.  0.  0. 16.  0.  0.  0.  0. 12.] 1 0 0.7397260273972602
219 9 7 [ 0.  0.  0.  0.  0.  0.  0. 27.  0.  1.] 1 0 0.7363636363636363
220 8 8 [ 0.  0.  0.  0.  0.  0.  0.  0. 15.  0.] 1 0 0.7375565610859729
221 5 5 [0. 0. 0. 0. 0. 6. 0. 0. 0. 0.] 1 0 0.7387387387387387
222 9 9 [ 0.  0.  0.  0. 11.  0.  0. 12.  0. 21.] 1 0 0.7399103139013453
223 8 8 [ 0.  0.  0.  0.  0.  0.  0.  0. 15.  0.] 1 0 0.7410714285714286
224 3 2 [ 0.  0. 16.  0.  0.  0.  0.  0.  0.  0.] 1 0 0.7377777777777778
225 0 0 [19.  0.  0.  0.  0.  0.  0.  0.  0.  0.] 1 0 0.7389380530973452
226 5 5 [0. 0. 0. 0. 0. 6. 0. 0. 0. 0.] 1 0 0.7400881057268722
227 8 8 [ 0.  0.  3.  0.  0.  0.  0.  0. 15.  0.] 1 0 0.7412280701754386
228 6 5 [ 0.  0.  1.  0.  0. 14.  3.  0.  3.  0.] 1 1 0.7379912663755459
229 7 7 [ 0.  0.  0.  0.  0.  0.  0. 24.  0.  0.] 1 0 0.7391304347826086
230 0 0 [30.  0.  0.  0.  0.  0.  0.  0.  0.  0.] 1 0 0.7402597402597403
231 6 6 [ 0.  0.  0.  0.  0.  0. 33.  0.  0.  0.] 1 0 0.7413793103448276
232 3 3 [ 0.  0.  0. 21.  0.  9.  0.  0.  0.  0.] 1 0 0.7424892703862661
233 3 3 [ 0.  0.  0. 30.  0. 18.  0.  0.  0.  0.] 1 0 0.7435897435897436
234 1 1 [ 0. 30.  0.  0.  0.  0.  0.  0.  0.  0.] 1 0 0.7446808510638298
235 6 5 [ 0.  0.  6.  0.  0. 11.  0.  0.  0.  0.] 1 1 0.7415254237288136
236 3 8 [0. 0. 0. 4. 0. 0. 0. 0. 9. 0.] 1 0 0.7383966244725738
237 6 6 [ 0.  0.  0.  0.  0.  0. 27.  0.  0.  0.] 1 0 0.7394957983193278
238 8 8 [0. 0. 6. 0. 0. 0. 0. 0. 9. 0.] 1 0 0.7405857740585774
239 4 4 [ 0.  0.  0.  0. 16.  0.  0.  0.  0.  0.] 1 0 0.7416666666666667
240 7 7 [ 0.  0.  0.  0.  0.  0.  0. 24.  0.  0.] 1 0 0.7427385892116183
241 4 7 [ 0.  0.  0.  0.  0.  0.  0. 27.  0.  9.] 1 0 0.7396694214876033
242 7 7 [ 0.  0.  0.  0.  0.  0.  0. 29.  0.  3.] 1 0 0.7407407407407407
243 9 9 [ 0.  0.  0.  0. 15.  0.  0. 18.  0. 24.] 1 0 0.7418032786885246
244 4 4 [ 0.  0.  0.  0. 16.  0.  0.  0.  0.  5.] 1 0 0.7428571428571429
245 9 9 [ 0.  0.  0.  0.  0.  0.  0. 12.  0. 15.] 1 0 0.7439024390243902
246 3 3 [ 0.  0.  0. 27.  0. 14.  0.  0.  0.  0.] 1 0 0.7449392712550608
247 1 1 [ 0. 24.  0.  0.  0.  0.  0.  0.  0.  0.] 1 0 0.7459677419354839
248 9 7 [ 0.  0.  0.  0.  0.  0.  0. 27.  0. 12.] 1 0 0.7429718875502008
249 7 7 [ 0.  0.  0.  0.  0.  0.  0. 18.  0.  3.] 1 0 0.744
0.744